########################################
# legofit: estimate population history #
#       version 2.3.2-3-gd31699a       #
########################################

# Program was compiled: Apr  1 2021 16:34:18
# Program was run: Thu Apr 22 14:46:50 2021

# cmd: legofit -1 -d 0 --stateOut b1boot11.state --tol 3e-6 -S 5000 b.lgo ../boot/boot11.opf
# Stage nOptItr nSimReps
#     0    5000        0
# algorithm          : deterministic
# ignoring probs <=  : 0
# Branch length floor: 0
# DE strategy        : 2
#    F               : 0.3
#    CR              : 0.8
#    tolerance       : 3e-06
# nthreads           : 64
# lgo input file     : b.lgo
# site pat input file: ../boot/boot11.opf
# free parameters    : 14
# points in DE swarm : 140
# output state file  : b1boot11.state
# Including singleton site patterns.
# cost function      : KL
Initial parameter values
Fixed:
      zero = 0
       one = 1
       TmN = 1
     Txynd = 25920
     twoNs = 2000
Free:
       pc1 = 0
       pc2 = 0
       pc3 = 0
       pc4 = 0
       pc5 = 0
       pc6 = 0
       pc7 = 0
       pc8 = 0
       pc9 = 0
      pc10 = 0
      pc11 = 0
      pc12 = 0
      pc13 = 0
      pc14 = 0
Constrained:
    Txynds = 118252
       Tnd = 25738.1
       Tav = 10485.3
       Txy = 2296.46
        Td = 2678.68
        Ta = 5778.05
        Tv = 3008.89
    twoNav = 18593.8
     twoNn = 5030.04
    twoNnd = 416.936
    twoNxy = 51183.5
  twoNxynd = 40201.6
        mN = 0.0233388
      mSND = 0.0179121
     TmSND = 25829
DiffEv reached_goal. cost=3.47063e-04 spread=2.61199e-06
Fitted parameter values
Free:
       pc1 = 3.55564
       pc2 = 1.81209
       pc3 = 0.0209407
       pc4 = -0.964174
       pc5 = -0.729142
       pc6 = -0.0499292
       pc7 = 0.728644
       pc8 = -0.454349
       pc9 = 0.221968
      pc10 = -0.567983
      pc11 = 0.0325126
      pc12 = -0.0507202
      pc13 = -0.0283224
      pc14 = 0.00619945
Constrained:
    Txynds = 143634
       Tnd = 25683.2
       Tav = 11581.9
       Txy = 3196.7
        Td = 2638.05
        Ta = 5835.08
        Tv = 3037.53
    twoNav = 19608
     twoNn = 5535.38
    twoNnd = 551.122
    twoNxy = 47746.1
  twoNxynd = 40347
        mN = 0.0237872
      mSND = 0.0103799
     TmSND = 25801.6
#       SitePat  BranchLen
              x 35603.3807340
              y 34454.6878566
              v 11571.6583228
              a 8875.0031936
              d 38313.8387222
            x:y 21542.7175445
            x:v 255.2844678
            x:a 262.6919826
            x:d 2656.9855852
            y:v 401.6968488
            y:a 300.7954200
            y:d 2465.1683820
            v:a 26567.0272611
            v:d 1000.9316138
            a:d 1012.5561405
          x:y:v 529.6441043
          x:y:a 522.2365896
          x:y:d 6037.0592411
          x:v:a 2422.6947106
          x:v:d 216.5371526
          x:a:d 224.6890027
          y:v:a 3070.9250668
          y:v:d 230.8476558
          y:a:d 219.2231292
          v:a:d 15903.0076846
        x:y:v:a 6350.2227323
        x:y:v:d 647.2640362
        x:y:a:d 639.1121861
        x:v:a:d 5206.3325057
        y:v:a:d 5705.2517818
