########################################
# legofit: estimate population history #
#       version 2.3.2-3-gd31699a       #
########################################

# Program was compiled: Apr  1 2021 16:34:18
# Program was run: Fri Apr 23 09:53:12 2021

# cmd: legofit -1 -d 0 --stateOut b1boot15.state --tol 3e-6 -S 5000 b.lgo ../boot/boot15.opf
# Stage nOptItr nSimReps
#     0    5000        0
# algorithm          : deterministic
# ignoring probs <=  : 0
# Branch length floor: 0
# DE strategy        : 2
#    F               : 0.3
#    CR              : 0.8
#    tolerance       : 3e-06
# nthreads           : 64
# lgo input file     : b.lgo
# site pat input file: ../boot/boot15.opf
# free parameters    : 15
# points in DE swarm : 150
# output state file  : b1boot15.state
# Including singleton site patterns.
# cost function      : KL
Initial parameter values
Fixed:
      zero = 0
       one = 1
       TmN = 1
     Txynd = 25920
     twoNs = 2000
Free:
       pc1 = 0
       pc2 = 0
       pc3 = 0
       pc4 = 0
       pc5 = 0
       pc6 = 0
       pc7 = 0
       pc8 = 0
       pc9 = 0
      pc10 = 0
      pc11 = 0
      pc12 = 0
      pc13 = 0
      pc14 = 0
      pc15 = 0
Constrained:
    Txynds = 115148
       Tnd = 25641.9
       Tav = 20611.7
       Txy = 3662.42
        Td = 3021.92
        Ta = 5026.75
        Tv = 2318.1
    twoNav = 200802
     twoNn = 7335.25
    twoNnd = 563.621
    twoNxy = 47199.5
  twoNxynd = 39805.9
        mN = 0.0199269
      mSND = 0.0207051
       mXY = 0.0627893
      TmXY = 12137.1
     TmSND = 25780.9
DiffEv reached_goal. cost=1.74023e-04 spread=2.98597e-06
Fitted parameter values
Free:
       pc1 = -2.04971
       pc2 = 1.06608
       pc3 = 0.815534
       pc4 = -0.143797
       pc5 = 0.892284
       pc6 = 0.928437
       pc7 = 0.598869
       pc8 = -0.335749
       pc9 = -0.506585
      pc10 = 0.693268
      pc11 = -0.690868
      pc12 = -0.341914
      pc13 = 0.155912
      pc14 = 0.0257095
      pc15 = 0.00683284
Constrained:
    Txynds = 125496
       Tnd = 25758.9
       Tav = 20418.2
       Txy = 4297.82
        Td = 3013.08
        Ta = 5024.51
        Tv = 2318.6
    twoNav = 270884
     twoNn = 7405.77
    twoNnd = 322.15
    twoNxy = 45491.5
  twoNxynd = 39763.8
        mN = 0.020145
      mSND = 0.0172055
       mXY = 0.0627066
      TmXY = 12358
     TmSND = 25839.4
#       SitePat  BranchLen
              x 35414.8094980
              y 34459.0921194
              v 11590.5875711
              a 8950.9138020
              d 38049.9136283
            x:y 21057.9441454
            x:v 315.0895131
            x:a 320.7563861
            x:d 2520.9982929
            y:v 421.8639533
            y:a 355.6340087
            y:d 2366.7989165
            v:a 26428.6245552
            v:d 967.8932534
            a:d 975.2328227
          x:y:v 604.0096709
          x:y:a 598.3427979
          x:y:d 5813.3456393
          x:v:a 2455.8839530
          x:v:d 212.2125983
          x:a:d 217.1798478
          y:v:a 2995.2336357
          y:v:d 222.4973008
          y:a:d 215.1577316
          v:a:d 15985.3448316
        x:y:v:a 6630.2619215
        x:y:v:d 593.4160015
        x:y:a:d 588.4487520
        x:v:a:d 5180.5240437
        y:v:a:d 5601.1764670
