########################################
# legofit: estimate population history #
#       version 2.3.2-3-gd31699a       #
########################################

# Program was compiled: Apr  1 2021 16:34:18
# Program was run: Fri Apr 23 12:19:13 2021

# cmd: legofit -1 -d 0 --stateOut b1boot47.state --tol 3e-6 -S 5000 b.lgo ../boot/boot47.opf
# Stage nOptItr nSimReps
#     0    5000        0
# algorithm          : deterministic
# ignoring probs <=  : 0
# Branch length floor: 0
# DE strategy        : 2
#    F               : 0.3
#    CR              : 0.8
#    tolerance       : 3e-06
# nthreads           : 64
# lgo input file     : b.lgo
# site pat input file: ../boot/boot47.opf
# free parameters    : 15
# points in DE swarm : 150
# output state file  : b1boot47.state
# Including singleton site patterns.
# cost function      : KL
Initial parameter values
Fixed:
      zero = 0
       one = 1
       TmN = 1
     Txynd = 25920
     twoNs = 2000
Free:
       pc1 = 0
       pc2 = 0
       pc3 = 0
       pc4 = 0
       pc5 = 0
       pc6 = 0
       pc7 = 0
       pc8 = 0
       pc9 = 0
      pc10 = 0
      pc11 = 0
      pc12 = 0
      pc13 = 0
      pc14 = 0
      pc15 = 0
Constrained:
    Txynds = 115148
       Tnd = 25641.9
       Tav = 20611.7
       Txy = 3662.42
        Td = 3021.92
        Ta = 5026.75
        Tv = 2318.1
    twoNav = 200802
     twoNn = 7335.25
    twoNnd = 563.621
    twoNxy = 47199.5
  twoNxynd = 39805.9
        mN = 0.0199269
      mSND = 0.0207051
       mXY = 0.0627893
      TmXY = 12137.1
     TmSND = 25780.9
DiffEv reached_goal. cost=1.38718e-04 spread=2.46424e-06
Fitted parameter values
Free:
       pc1 = -3.93994
       pc2 = -0.675558
       pc3 = -0.47337
       pc4 = -0.5327
       pc5 = 0.0409235
       pc6 = 1.12155
       pc7 = -0.554257
       pc8 = 1.06062
       pc9 = 0.956177
      pc10 = 0.381344
      pc11 = 0.0383635
      pc12 = -0.00957176
      pc13 = -0.146064
      pc14 = 0.0742736
      pc15 = 0.0079603
Constrained:
    Txynds = 115409
       Tnd = 25760.3
       Tav = 20853.1
       Txy = 4930.51
        Td = 3113.51
        Ta = 4936.6
        Tv = 2244.47
    twoNav = 300317
     twoNn = 7329.12
    twoNnd = 314.956
    twoNxy = 42740.4
  twoNxynd = 40058.4
        mN = 0.0186555
      mSND = 0.0185876
       mXY = 0.0751571
      TmXY = 12891.8
     TmSND = 25840.2
#       SitePat  BranchLen
              x 35248.6565291
              y 34358.4473291
              v 11429.8399736
              a 8798.3410580
              d 38182.5254634
            x:y 21330.7307591
            x:v 309.4882537
            x:a 314.7083346
            x:d 2505.0600806
            y:v 406.8730700
            y:a 346.2385136
            y:d 2361.7617989
            v:a 26686.3846398
            v:d 938.6221816
            a:d 945.2222783
          x:y:v 600.7389955
          x:y:a 595.5189146
          x:y:d 5829.1612334
          x:v:a 2484.7607328
          x:v:d 202.9496244
          x:a:d 207.3468617
          y:v:a 2989.8746713
          y:v:d 212.2388771
          y:a:d 205.6387805
          v:a:d 16150.1390724
        x:y:v:a 6757.1953614
        x:y:v:d 563.7981131
        x:y:a:d 559.4008758
        x:v:a:d 5140.2443352
        y:v:a:d 5532.1417116
