########################################
# legofit: estimate population history #
#       version 2.3.2-3-gd31699a       #
########################################

# Program was compiled: Apr  1 2021 16:34:18
# Program was run: Fri Apr 23 09:49:48 2021

# cmd: legofit -1 -d 0 --stateOut b1boot14.state --tol 3e-6 -S 5000 b.lgo ../boot/boot14.opf
# Stage nOptItr nSimReps
#     0    5000        0
# algorithm          : deterministic
# ignoring probs <=  : 0
# Branch length floor: 0
# DE strategy        : 2
#    F               : 0.3
#    CR              : 0.8
#    tolerance       : 3e-06
# nthreads           : 64
# lgo input file     : b.lgo
# site pat input file: ../boot/boot14.opf
# free parameters    : 15
# points in DE swarm : 150
# output state file  : b1boot14.state
# Including singleton site patterns.
# cost function      : KL
Initial parameter values
Fixed:
      zero = 0
       one = 1
       TmN = 1
     Txynd = 25920
     twoNs = 2000
Free:
       pc1 = 0
       pc2 = 0
       pc3 = 0
       pc4 = 0
       pc5 = 0
       pc6 = 0
       pc7 = 0
       pc8 = 0
       pc9 = 0
      pc10 = 0
      pc11 = 0
      pc12 = 0
      pc13 = 0
      pc14 = 0
      pc15 = 0
Constrained:
    Txynds = 115148
       Tnd = 25641.9
       Tav = 20611.7
       Txy = 3662.42
        Td = 3021.92
        Ta = 5026.75
        Tv = 2318.1
    twoNav = 200802
     twoNn = 7335.25
    twoNnd = 563.621
    twoNxy = 47199.5
  twoNxynd = 39805.9
        mN = 0.0199269
      mSND = 0.0207051
       mXY = 0.0627893
      TmXY = 12137.1
     TmSND = 25780.9
DiffEv reached_goal. cost=1.03452e-04 spread=2.90428e-06
Fitted parameter values
Free:
       pc1 = 0.00291882
       pc2 = 0.959479
       pc3 = -0.61877
       pc4 = 0.0251846
       pc5 = -0.0279329
       pc6 = 0.772125
       pc7 = -0.211534
       pc8 = 0.227126
       pc9 = -0.574163
      pc10 = -0.525288
      pc11 = 0.538652
      pc12 = -0.132956
      pc13 = 0.310055
      pc14 = -0.0206656
      pc15 = -0.00195733
Constrained:
    Txynds = 114559
       Tnd = 25678.4
       Tav = 20371.5
       Txy = 3380.65
        Td = 3042.64
        Ta = 5017.95
        Tv = 2273.54
    twoNav = 241909
     twoNn = 7265.91
    twoNnd = 493.501
    twoNxy = 48210.1
  twoNxynd = 39994.1
        mN = 0.0205799
      mSND = 0.0195815
       mXY = 0.06212
      TmXY = 11876.1
     TmSND = 25799.2
#       SitePat  BranchLen
              x 35473.4273482
              y 34492.1309598
              v 11562.7055987
              a 8887.6279093
              d 38269.4366324
            x:y 21131.5039688
            x:v 322.2996096
            x:a 328.3106486
            x:d 2584.6176086
            y:v 432.3193038
            y:a 362.9911415
            y:d 2424.3331718
            v:a 26738.4601240
            v:d 965.1189840
            a:d 972.8264240
          x:y:v 606.2150436
          x:y:a 600.2040047
          x:y:d 5874.1284147
          x:v:a 2509.0478129
          x:v:d 214.7297196
          x:a:d 219.9500773
          y:v:a 3068.6856529
          y:v:d 225.4357604
          y:a:d 217.7283204
          v:a:d 15893.9979000
        x:y:v:a 6678.8149294
        x:y:v:d 591.6497916
        x:y:a:d 586.4294339
        x:v:a:d 5209.5489158
        y:v:a:d 5638.3074302
