########################################
# legofit: estimate population history #
#       version 2.3.2-3-gd31699a       #
########################################

# Program was compiled: Apr  1 2021 16:34:18
# Program was run: Tue Apr 20 01:33:42 2021

# cmd: legofit -1 -d 0 --stateOut b1boot20.state --tol 3e-6 -S 5000 b.lgo ../boot/boot20.opf
# Stage nOptItr nSimReps
#     0    5000        0
# algorithm          : deterministic
# ignoring probs <=  : 0
# Branch length floor: 0
# DE strategy        : 2
#    F               : 0.3
#    CR              : 0.8
#    tolerance       : 3e-06
# nthreads           : 64
# lgo input file     : b.lgo
# site pat input file: ../boot/boot20.opf
# free parameters    : 16
# points in DE swarm : 160
# output state file  : b1boot20.state
# Including singleton site patterns.
# cost function      : KL
Initial parameter values
Fixed:
      zero = 0
       one = 1
       TmN = 1
     Txynd = 25920
Free:
       pc1 = 0
       pc2 = 0
       pc3 = 0
       pc4 = 0
       pc5 = 0
       pc6 = 0
       pc7 = 0
       pc8 = 0
       pc9 = 0
      pc10 = 0
      pc11 = 0
      pc12 = 0
      pc13 = 0
      pc14 = 0
      pc15 = 0
      pc16 = 0
Constrained:
    Txynds = 69272.5
       Tnd = 25734.4
       Tav = 9343.64
       Txy = 2766.62
        Td = 3487
        Ta = 5269.6
        Tv = 2417.05
    twoNav = 19662.3
     twoNn = 4625.61
    twoNnd = 392.633
    twoNxy = 51651.3
  twoNxynd = 41908.9
     twoNs = 1.78242e+06
        mN = 0.0191941
        mS = 0.03303
      mSND = 0.0330831
       TmS = 14610.7
     TmSND = 25827.2
DiffEv reached_goal. cost=8.66793e-05 spread=2.53428e-06
Fitted parameter values
Free:
       pc1 = -1.39885
       pc2 = 1.27829
       pc3 = 2.87679
       pc4 = 1.27983
       pc5 = -1.47226
       pc6 = -0.880468
       pc7 = 1.01521
       pc8 = 0.475747
       pc9 = 0.305247
      pc10 = 0.457498
      pc11 = 0.00716401
      pc12 = -0.379653
      pc13 = 0.473807
      pc14 = 0.0725561
      pc15 = 0.0673657
      pc16 = 0.0118366
Constrained:
    Txynds = 78958.3
       Tnd = 25732.6
       Tav = 8590.13
       Txy = 2872.35
        Td = 3309.96
        Ta = 5254.99
        Tv = 2365.46
    twoNav = 19340.3
     twoNn = 4033.47
    twoNnd = 408.836
    twoNxy = 51060.1
  twoNxynd = 41650.8
     twoNs = 2.71543e+06
        mN = 0.0185991
        mS = 0.0255094
      mSND = 0.025431
       TmS = 14521.3
     TmSND = 25826.3
#       SitePat  BranchLen
              x 36607.5583533
              y 35653.5116876
              v 11919.9648643
              a 9135.6650850
              d 39832.0172277
            x:y 22061.2648052
            x:v 279.0252881
            x:a 287.0651431
            x:d 2666.2726332
            y:v 415.3040661
            y:a 310.0733468
            y:d 2517.4436657
            v:a 27776.8506007
            v:d 1050.6962237
            a:d 1063.0096794
          x:y:v 566.1009647
          x:y:a 558.0611097
          x:y:d 5863.9942336
          x:v:a 2621.0046272
          x:v:d 229.4111647
          x:a:d 237.7394482
          y:v:a 3157.6319478
          y:v:d 243.6585406
          y:a:d 231.3450849
          v:a:d 16187.7583097
        x:y:v:a 7258.1498312
        x:y:v:d 646.0338508
        x:y:a:d 637.7055673
        x:v:a:d 5403.2317685
        y:v:a:d 5802.3400869
