########################################
# legofit: estimate population history #
#       version 2.3.2-3-gd31699a       #
########################################

# Program was compiled: Apr  1 2021 16:34:18
# Program was run: Tue Apr 20 01:33:42 2021

# cmd: legofit -1 -d 0 --stateOut b1boot21.state --tol 3e-6 -S 5000 b.lgo ../boot/boot21.opf
# Stage nOptItr nSimReps
#     0    5000        0
# algorithm          : deterministic
# ignoring probs <=  : 0
# Branch length floor: 0
# DE strategy        : 2
#    F               : 0.3
#    CR              : 0.8
#    tolerance       : 3e-06
# nthreads           : 64
# lgo input file     : b.lgo
# site pat input file: ../boot/boot21.opf
# free parameters    : 16
# points in DE swarm : 160
# output state file  : b1boot21.state
# Including singleton site patterns.
# cost function      : KL
Initial parameter values
Fixed:
      zero = 0
       one = 1
       TmN = 1
     Txynd = 25920
Free:
       pc1 = 0
       pc2 = 0
       pc3 = 0
       pc4 = 0
       pc5 = 0
       pc6 = 0
       pc7 = 0
       pc8 = 0
       pc9 = 0
      pc10 = 0
      pc11 = 0
      pc12 = 0
      pc13 = 0
      pc14 = 0
      pc15 = 0
      pc16 = 0
Constrained:
    Txynds = 69272.5
       Tnd = 25734.4
       Tav = 9343.64
       Txy = 2766.62
        Td = 3487
        Ta = 5269.6
        Tv = 2417.05
    twoNav = 19662.3
     twoNn = 4625.61
    twoNnd = 392.633
    twoNxy = 51651.3
  twoNxynd = 41908.9
     twoNs = 1.78242e+06
        mN = 0.0191941
        mS = 0.03303
      mSND = 0.0330831
       TmS = 14610.7
     TmSND = 25827.2
DiffEv reached_goal. cost=1.31154e-04 spread=2.92461e-06
Fitted parameter values
Free:
       pc1 = 0.236522
       pc2 = -2.02675
       pc3 = 3.76657
       pc4 = 1.92815
       pc5 = -1.72734
       pc6 = -0.123544
       pc7 = 1.10608
       pc8 = -0.0909514
       pc9 = -0.566868
      pc10 = 0.650042
      pc11 = 0.0719444
      pc12 = 0.15977
      pc13 = 0.128799
      pc14 = 0.215365
      pc15 = -0.0524252
      pc16 = -0.005228
Constrained:
    Txynds = 73439
       Tnd = 25819
       Tav = 7584.5
       Txy = 2980.78
        Td = 3473.86
        Ta = 5279.08
        Tv = 2421.06
    twoNav = 17856.5
     twoNn = 3318.7
    twoNnd = 225.138
    twoNxy = 51343
  twoNxynd = 42257.7
     twoNs = 2.89824e+06
        mN = 0.0182585
        mS = 0.0296692
      mSND = 0.0295517
       TmS = 14646.4
     TmSND = 25869.5
#       SitePat  BranchLen
              x 36926.9854636
              y 35974.5119460
              v 12055.2125422
              a 9315.9125652
              d 40261.3485528
            x:y 22155.5400461
            x:v 287.3568382
            x:a 296.4893348
            x:d 2746.5286643
            y:v 433.3007407
            y:a 314.5831583
            y:d 2595.4101433
            v:a 28113.5588552
            v:d 1062.2214523
            a:d 1076.0520006
          x:y:v 578.9956467
          x:y:a 569.8631502
          x:y:d 5994.5029846
          x:v:a 2712.5626388
          x:v:d 234.3342851
          x:a:d 243.7381938
          y:v:a 3251.3247563
          y:v:d 249.8107832
          y:a:d 235.9802349
          v:a:d 16153.6412575
        x:y:v:a 7422.4047621
        x:y:v:d 657.7656590
        x:y:a:d 648.3617503
        x:v:a:d 5448.8014035
        y:v:a:d 5841.8750596
