########################################
# legofit: estimate population history #
#       version 2.3.2-3-gd31699a       #
########################################

# Program was compiled: Apr  1 2021 16:34:18
# Program was run: Tue Apr 20 01:39:42 2021

# cmd: legofit -1 -d 0 --stateOut b1boot47.state --tol 3e-6 -S 5000 b.lgo ../boot/boot47.opf
# Stage nOptItr nSimReps
#     0    5000        0
# algorithm          : deterministic
# ignoring probs <=  : 0
# Branch length floor: 0
# DE strategy        : 2
#    F               : 0.3
#    CR              : 0.8
#    tolerance       : 3e-06
# nthreads           : 64
# lgo input file     : b.lgo
# site pat input file: ../boot/boot47.opf
# free parameters    : 16
# points in DE swarm : 160
# output state file  : b1boot47.state
# Including singleton site patterns.
# cost function      : KL
Initial parameter values
Fixed:
      zero = 0
       one = 1
       TmN = 1
     Txynd = 25920
Free:
       pc1 = 0
       pc2 = 0
       pc3 = 0
       pc4 = 0
       pc5 = 0
       pc6 = 0
       pc7 = 0
       pc8 = 0
       pc9 = 0
      pc10 = 0
      pc11 = 0
      pc12 = 0
      pc13 = 0
      pc14 = 0
      pc15 = 0
      pc16 = 0
Constrained:
    Txynds = 69272.5
       Tnd = 25734.4
       Tav = 9343.64
       Txy = 2766.62
        Td = 3487
        Ta = 5269.6
        Tv = 2417.05
    twoNav = 19662.3
     twoNn = 4625.61
    twoNnd = 392.633
    twoNxy = 51651.3
  twoNxynd = 41908.9
     twoNs = 1.78242e+06
        mN = 0.0191941
        mS = 0.03303
      mSND = 0.0330831
       TmS = 14610.7
     TmSND = 25827.2
DiffEv reached_goal. cost=1.20439e-04 spread=2.86955e-06
Fitted parameter values
Free:
       pc1 = 3.23673
       pc2 = -1.26939
       pc3 = 3.24816
       pc4 = 0.211381
       pc5 = -0.496343
       pc6 = 0.27648
       pc7 = 0.0747194
       pc8 = -1.42701
       pc9 = -0.253267
      pc10 = 0.0995964
      pc11 = 0.644534
      pc12 = -0.0572232
      pc13 = -0.0923456
      pc14 = 0.0701668
      pc15 = 0.0676573
      pc16 = 0.0203496
Constrained:
    Txynds = 65789.6
       Tnd = 25811.6
       Tav = 8088.75
       Txy = 4512.44
        Td = 3551.08
        Ta = 5199.97
        Tv = 2352.55
    twoNav = 18477.5
     twoNn = 3798.88
    twoNnd = 228.97
    twoNxy = 45670.6
  twoNxynd = 42476.2
     twoNs = 2.55867e+06
        mN = 0.0179939
        mS = 0.0376244
      mSND = 0.0284047
       TmS = 14681.3
     TmSND = 25865.8
#       SitePat  BranchLen
              x 36851.0903807
              y 35912.5101427
              v 11951.6228614
              a 9209.6787386
              d 39896.2798692
            x:y 22529.6617020
            x:v 274.9214279
            x:a 282.9211557
            x:d 2636.5408962
            y:v 409.7730853
            y:a 304.2991805
            y:d 2493.4274176
            v:a 27898.3286724
            v:d 1047.4022703
            a:d 1059.6078037
          x:y:v 568.0184603
          x:y:a 560.0187326
          x:y:d 5819.8182985
          x:v:a 2634.8934454
          x:v:d 224.6149110
          x:a:d 232.6690993
          y:v:a 3157.1559770
          y:v:d 238.7078712
          y:a:d 226.5023378
          v:a:d 16647.4378917
        x:y:v:a 7284.6663559
        x:y:v:d 624.0635458
        x:y:a:d 616.0093575
        x:v:a:d 5430.4727084
        y:v:a:d 5825.7480124
