########################################
# legofit: estimate population history #
#       version 2.3.2-3-gd31699a       #
########################################

# Program was compiled: Apr  1 2021 16:34:18
# Program was run: Mon Apr 19 16:33:35 2021

# cmd: legofit -1 -d 0 --stateOut b1boot12.state --tol 3e-6 -S 5000 b.lgo ../boot/boot12.opf
# Stage nOptItr nSimReps
#     0    5000        0
# algorithm          : deterministic
# ignoring probs <=  : 0
# Branch length floor: 0
# DE strategy        : 2
#    F               : 0.3
#    CR              : 0.8
#    tolerance       : 3e-06
# nthreads           : 32
# lgo input file     : b.lgo
# site pat input file: ../boot/boot12.opf
# free parameters    : 15
# points in DE swarm : 150
# output state file  : b1boot12.state
# Including singleton site patterns.
# cost function      : KL
Initial parameter values
Fixed:
      zero = 0
       one = 1
       TmN = 1
     Txynd = 25920
Free:
       pc1 = 0
       pc2 = 0
       pc3 = 0
       pc4 = 0
       pc5 = 0
       pc6 = 0
       pc7 = 0
       pc8 = 0
       pc9 = 0
      pc10 = 0
      pc11 = 0
      pc12 = 0
      pc13 = 0
      pc14 = 0
      pc15 = 0
Constrained:
    Txynds = 135540
       Tnd = 25854.7
       Tav = 9998.7
       Txy = 5650.98
        Td = 3399.18
        Ta = 5113.01
        Tv = 2352.39
    twoNav = 19110
     twoNn = 5029.86
    twoNnd = 157.319
    twoNxy = 40575.3
  twoNxynd = 41331.5
        mN = 0.0188877
        mS = 0.0114315
       mXY = 0.00853724
      TmXY = 7824.84
       TmS = 14626.9
DiffEv reached_goal. cost=1.12179e-04 spread=2.87111e-06
Fitted parameter values
Free:
       pc1 = -3.60844
       pc2 = -0.243775
       pc3 = -1.43082
       pc4 = 0.521274
       pc5 = 0.791748
       pc6 = -0.447419
       pc7 = 1.46401
       pc8 = 0.438244
       pc9 = 0.424981
      pc10 = 0.412601
      pc11 = -0.763089
      pc12 = 0.0302881
      pc13 = 0.245973
      pc14 = 0.0224952
      pc15 = 0.0155349
Constrained:
    Txynds = 163304
       Tnd = 25844.8
       Tav = 8698.83
       Txy = 5691.44
        Td = 3259.11
        Ta = 5023.9
        Tv = 2290.2
    twoNav = 18094.5
     twoNn = 4332.73
    twoNnd = 184.792
    twoNxy = 40858.8
  twoNxynd = 41281.4
        mN = 0.0194229
        mS = 0.00751744
       mXY = 0.00964266
      TmXY = 7195.13
       TmS = 14552
#       SitePat  BranchLen
              x 35702.9755539
              y 34741.5479105
              v 11624.9707747
              a 8989.7474690
              d 38524.5231613
            x:y 21332.7292003
            x:v 301.9398007
            x:a 310.0491564
            x:d 2663.9474441
            y:v 434.2764224
            y:a 335.8046469
            y:d 2513.6957100
            v:a 26918.7342836
            v:d 1027.1396355
            a:d 1038.6764427
          x:y:v 590.3605000
          x:y:a 582.2511443
          x:y:d 5617.4678575
          x:v:a 2544.1011464
          x:v:d 228.2362339
          x:a:d 235.5970106
          y:v:a 3083.7499336
          y:v:d 242.2949469
          y:a:d 230.7581396
          v:a:d 15779.7042743
        x:y:v:a 6869.7795915
        x:y:v:d 581.6953436
        x:y:a:d 574.3345669
        x:v:a:d 5213.5621488
        y:v:a:d 5618.2807849
