########################################
# legofit: estimate population history #
#       version 2.3.2-3-gd31699a       #
########################################

# Program was compiled: Apr  1 2021 16:34:18
# Program was run: Fri Apr 23 11:14:13 2021

# cmd: legofit -1 -d 0 --stateOut b1boot33.state --tol 3e-6 -S 5000 b.lgo ../boot/boot33.opf
# Stage nOptItr nSimReps
#     0    5000        0
# algorithm          : deterministic
# ignoring probs <=  : 0
# Branch length floor: 0
# DE strategy        : 2
#    F               : 0.3
#    CR              : 0.8
#    tolerance       : 3e-06
# nthreads           : 64
# lgo input file     : b.lgo
# site pat input file: ../boot/boot33.opf
# free parameters    : 15
# points in DE swarm : 150
# output state file  : b1boot33.state
# Including singleton site patterns.
# cost function      : KL
Initial parameter values
Fixed:
      zero = 0
       one = 1
       TmN = 1
     Txynd = 25920
     twoNs = 2000
Free:
       pc1 = 0
       pc2 = 0
       pc3 = 0
       pc4 = 0
       pc5 = 0
       pc6 = 0
       pc7 = 0
       pc8 = 0
       pc9 = 0
      pc10 = 0
      pc11 = 0
      pc12 = 0
      pc13 = 0
      pc14 = 0
      pc15 = 0
Constrained:
    Txynds = 115148
       Tnd = 25641.9
       Tav = 20611.7
       Txy = 3662.42
        Td = 3021.92
        Ta = 5026.75
        Tv = 2318.1
    twoNav = 200802
     twoNn = 7335.25
    twoNnd = 563.621
    twoNxy = 47199.5
  twoNxynd = 39805.9
        mN = 0.0199269
      mSND = 0.0207051
       mXY = 0.0627893
      TmXY = 12137.1
     TmSND = 25780.9
DiffEv reached_goal. cost=2.06713e-04 spread=2.37877e-06
Fitted parameter values
Free:
       pc1 = -1.34002
       pc2 = 0.858266
       pc3 = 1.51174
       pc4 = -0.0599761
       pc5 = 1.3384
       pc6 = 1.63977
       pc7 = 0.173179
       pc8 = -1.4196
       pc9 = 0.331427
      pc10 = -0.124707
      pc11 = -0.292709
      pc12 = 0.214035
      pc13 = 0.0131671
      pc14 = 0.0174754
      pc15 = 0.00608149
Constrained:
    Txynds = 126630
       Tnd = 25758.4
       Tav = 20786.7
       Txy = 4041.65
        Td = 2934.55
        Ta = 5093.62
        Tv = 2368.82
    twoNav = 288256
     twoNn = 7307.26
    twoNnd = 322.888
    twoNxy = 46086.5
  twoNxynd = 39478
        mN = 0.020495
      mSND = 0.0181619
       mXY = 0.0670952
      TmXY = 12414.2
     TmSND = 25839.2
#       SitePat  BranchLen
              x 35275.4820915
              y 34306.8318553
              v 11472.9490148
              a 8815.8614067
              d 38211.6032627
            x:y 20977.9120967
            x:v 310.9127300
            x:a 316.6835660
            x:d 2519.3053392
            y:v 418.9234881
            y:a 351.2146486
            y:d 2361.2490699
            v:a 26474.4353875
            v:d 937.5514639
            a:d 944.9126839
          x:y:v 593.7159866
          x:y:a 587.9451506
          x:y:d 5847.8575349
          x:v:a 2458.7318269
          x:v:d 206.1624374
          x:a:d 211.1744320
          y:v:a 3009.9420855
          y:v:d 216.3837598
          y:a:d 209.0225399
          v:a:d 15852.1936030
        x:y:v:a 6705.7444589
        x:y:v:d 579.5113019
        x:y:a:d 574.4993073
        x:v:a:d 5134.7734384
        y:v:a:d 5559.6584144
