########################################
# legofit: estimate population history #
#       version 2.3.2-3-gd31699a       #
########################################

# Program was compiled: Apr  1 2021 16:34:18
# Program was run: Mon Apr 19 16:34:01 2021

# cmd: legofit -1 -d 0 --stateOut b1boot28.state --tol 3e-6 -S 5000 b.lgo ../boot/boot28.opf
# Stage nOptItr nSimReps
#     0    5000        0
# algorithm          : deterministic
# ignoring probs <=  : 0
# Branch length floor: 0
# DE strategy        : 2
#    F               : 0.3
#    CR              : 0.8
#    tolerance       : 3e-06
# nthreads           : 64
# lgo input file     : b.lgo
# site pat input file: ../boot/boot28.opf
# free parameters    : 15
# points in DE swarm : 150
# output state file  : b1boot28.state
# Including singleton site patterns.
# cost function      : KL
Initial parameter values
Fixed:
      zero = 0
       one = 1
       TmN = 1
     Txynd = 25920
Free:
       pc1 = 0
       pc2 = 0
       pc3 = 0
       pc4 = 0
       pc5 = 0
       pc6 = 0
       pc7 = 0
       pc8 = 0
       pc9 = 0
      pc10 = 0
      pc11 = 0
      pc12 = 0
      pc13 = 0
      pc14 = 0
      pc15 = 0
Constrained:
    Txynds = 135540
       Tnd = 25854.7
       Tav = 9998.7
       Txy = 5650.98
        Td = 3399.18
        Ta = 5113.01
        Tv = 2352.39
    twoNav = 19110
     twoNn = 5029.86
    twoNnd = 157.319
    twoNxy = 40575.3
  twoNxynd = 41331.5
        mN = 0.0188877
        mS = 0.0114315
       mXY = 0.00853724
      TmXY = 7824.84
       TmS = 14626.9
DiffEv reached_goal. cost=9.37052e-05 spread=2.97923e-06
Fitted parameter values
Free:
       pc1 = -1.73499
       pc2 = -1.11061
       pc3 = -0.104431
       pc4 = -0.528727
       pc5 = 1.26201
       pc6 = 0.416676
       pc7 = 0.439223
       pc8 = -0.433594
       pc9 = 0.509791
      pc10 = -0.427301
      pc11 = 0.0520089
      pc12 = 0.348328
      pc13 = 0.135333
      pc14 = -0.152997
      pc15 = -0.0205364
Constrained:
    Txynds = 147107
       Tnd = 25857.1
       Tav = 9118.58
       Txy = 5866.76
        Td = 3343.25
        Ta = 5130.93
        Tv = 2407.92
    twoNav = 17051.6
     twoNn = 4784.24
    twoNnd = 150.545
    twoNxy = 40135.8
  twoNxynd = 41243
        mN = 0.0190527
        mS = 0.0101743
       mXY = 0.00907318
      TmXY = 7492.67
       TmS = 14600.2
#       SitePat  BranchLen
              x 35677.5595286
              y 34739.8116410
              v 11673.5049710
              a 9040.2604249
              d 38552.9103672
            x:y 21487.4626706
            x:v 290.6548671
            x:a 297.8017444
            x:d 2616.6050826
            y:v 415.4617548
            y:a 325.6956585
            y:d 2471.4571707
            v:a 26657.7283098
            v:d 1000.5503893
            a:d 1010.7492218
          x:y:v 573.6574752
          x:y:a 566.5105979
          x:y:d 5564.0688638
          x:v:a 2521.0150485
          x:v:d 220.0681950
          x:a:d 226.5349521
          y:v:a 3042.5221789
          y:v:d 232.8521749
          y:a:d 222.6533424
          v:a:d 15950.5324536
        x:y:v:a 6981.2916098
        x:y:v:d 561.9933612
        x:y:a:d 555.5266041
        x:v:a:d 5211.2090247
        y:v:a:d 5610.9945217
