########################################
# legofit: estimate population history #
#       version 2.3.2-3-gd31699a       #
########################################

# Program was compiled: Apr  1 2021 16:34:18
# Program was run: Mon Apr 19 16:35:26 2021

# cmd: legofit -1 -d 0 --stateOut b1boot38.state --tol 3e-6 -S 5000 b.lgo ../boot/boot38.opf
# Stage nOptItr nSimReps
#     0    5000        0
# algorithm          : deterministic
# ignoring probs <=  : 0
# Branch length floor: 0
# DE strategy        : 2
#    F               : 0.3
#    CR              : 0.8
#    tolerance       : 3e-06
# nthreads           : 32
# lgo input file     : b.lgo
# site pat input file: ../boot/boot38.opf
# free parameters    : 15
# points in DE swarm : 150
# output state file  : b1boot38.state
# Including singleton site patterns.
# cost function      : KL
Initial parameter values
Fixed:
      zero = 0
       one = 1
       TmN = 1
     Txynd = 25920
Free:
       pc1 = 0
       pc2 = 0
       pc3 = 0
       pc4 = 0
       pc5 = 0
       pc6 = 0
       pc7 = 0
       pc8 = 0
       pc9 = 0
      pc10 = 0
      pc11 = 0
      pc12 = 0
      pc13 = 0
      pc14 = 0
      pc15 = 0
Constrained:
    Txynds = 135540
       Tnd = 25854.7
       Tav = 9998.7
       Txy = 5650.98
        Td = 3399.18
        Ta = 5113.01
        Tv = 2352.39
    twoNav = 19110
     twoNn = 5029.86
    twoNnd = 157.319
    twoNxy = 40575.3
  twoNxynd = 41331.5
        mN = 0.0188877
        mS = 0.0114315
       mXY = 0.00853724
      TmXY = 7824.84
       TmS = 14626.9
DiffEv reached_goal. cost=1.46621e-04 spread=2.25954e-06
Fitted parameter values
Free:
       pc1 = -2.1564
       pc2 = -1.19017
       pc3 = -1.69408
       pc4 = -1.13394
       pc5 = -0.292755
       pc6 = 1.0298
       pc7 = 1.63362
       pc8 = 0.843757
       pc9 = 0.063461
      pc10 = -0.0382229
      pc11 = 0.306816
      pc12 = 0.0665385
      pc13 = -0.142572
      pc14 = 0.152971
      pc15 = 0.0040124
Constrained:
    Txynds = 148666
       Tnd = 25841.7
       Tav = 8743.84
       Txy = 5791.26
        Td = 3277.05
        Ta = 5134.77
        Tv = 2289.97
    twoNav = 17626.5
     twoNn = 4291.61
    twoNnd = 195.386
    twoNxy = 40429.7
  twoNxynd = 41607.7
        mN = 0.0190151
        mS = 0.0103284
       mXY = 0.00618151
      TmXY = 7267.55
       TmS = 14559.4
#       SitePat  BranchLen
              x 35799.7320917
              y 34850.2716644
              v 11619.7785192
              a 8874.2235924
              d 39025.8398955
            x:y 21562.0683413
            x:v 284.4072555
            x:a 292.2338011
            x:d 2691.7631052
            y:v 415.5234613
            y:a 316.2844754
            y:d 2541.6155717
            v:a 27238.3862201
            v:d 994.7225307
            a:d 1006.0409053
          x:y:v 564.8897442
          x:y:a 557.0631986
          x:y:d 5718.8677898
          x:v:a 2586.1648650
          x:v:d 219.9169443
          x:a:d 227.1780200
          y:v:a 3123.2953962
          y:v:d 233.4900112
          y:a:d 222.1716366
          v:a:d 15870.8932910
        x:y:v:a 7148.8676328
        x:y:v:d 568.0181200
        x:y:a:d 560.7570444
        x:v:a:d 5224.8574231
        y:v:a:d 5623.6012892
