########################################
# legofit: estimate population history #
#       version 2.3.2-3-gd31699a       #
########################################

# Program was compiled: Apr  1 2021 16:34:18
# Program was run: Thu Apr 22 15:02:55 2021

# cmd: legofit -1 -d 0 --stateOut b1boot34.state --tol 3e-6 -S 5000 b.lgo ../boot/boot34.opf
# Stage nOptItr nSimReps
#     0    5000        0
# algorithm          : deterministic
# ignoring probs <=  : 0
# Branch length floor: 0
# DE strategy        : 2
#    F               : 0.3
#    CR              : 0.8
#    tolerance       : 3e-06
# nthreads           : 64
# lgo input file     : b.lgo
# site pat input file: ../boot/boot34.opf
# free parameters    : 14
# points in DE swarm : 140
# output state file  : b1boot34.state
# Including singleton site patterns.
# cost function      : KL
Initial parameter values
Fixed:
      zero = 0
       one = 1
       TmN = 1
     Txynd = 25920
     twoNs = 2000
Free:
       pc1 = 0
       pc2 = 0
       pc3 = 0
       pc4 = 0
       pc5 = 0
       pc6 = 0
       pc7 = 0
       pc8 = 0
       pc9 = 0
      pc10 = 0
      pc11 = 0
      pc12 = 0
      pc13 = 0
      pc14 = 0
Constrained:
    Txynds = 118252
       Tnd = 25738.1
       Tav = 10485.3
       Txy = 2296.46
        Td = 2678.68
        Ta = 5778.05
        Tv = 3008.89
    twoNav = 18593.8
     twoNn = 5030.04
    twoNnd = 416.936
    twoNxy = 51183.5
  twoNxynd = 40201.6
        mN = 0.0233388
      mSND = 0.0179121
     TmSND = 25829
DiffEv reached_goal. cost=3.21388e-04 spread=2.88335e-06
Fitted parameter values
Free:
       pc1 = 1.37115
       pc2 = 0.370828
       pc3 = 1.6376
       pc4 = 1.15053
       pc5 = -1.47885
       pc6 = 0.311008
       pc7 = 0.533479
       pc8 = 0.0539129
       pc9 = 0.0918944
      pc10 = -0.470155
      pc11 = -0.204921
      pc12 = -0.00418966
      pc13 = -0.0664113
      pc14 = -0.00142009
Constrained:
    Txynds = 139889
       Tnd = 25750.1
       Tav = 10142.3
       Txy = 2847.74
        Td = 2677.43
        Ta = 5700.93
        Tv = 2912.01
    twoNav = 18251
     twoNn = 4843.43
    twoNnd = 395.818
    twoNxy = 49313.7
  twoNxynd = 40123.5
        mN = 0.0230616
      mSND = 0.0126084
     TmSND = 25835.1
#       SitePat  BranchLen
              x 35632.4332643
              y 34509.1959544
              v 11513.5493237
              a 8832.1872897
              d 38433.8283200
            x:y 21422.6991187
            x:v 252.2529099
            x:a 260.0775315
            x:d 2668.3853020
            y:v 401.6483961
            y:a 294.0951728
            y:d 2479.2179890
            v:a 26899.2496534
            v:d 984.4345876
            a:d 996.6778310
          x:y:v 522.8256304
          x:y:a 515.0010089
          x:y:d 6116.7008274
          x:v:a 2437.3831336
          x:v:d 213.7986537
          x:a:d 222.5322064
          y:v:a 3076.7851711
          y:v:d 228.3365512
          y:a:d 216.0933079
          v:a:d 15778.4797965
        x:y:v:a 6437.7384022
        x:y:v:d 651.3152929
        x:y:a:d 642.5817403
        x:v:a:d 5204.4226929
        y:v:a:d 5685.9131518
