########################################
# legofit: estimate population history #
#       version 2.3.2-3-gd31699a       #
########################################

# Program was compiled: Apr  1 2021 16:34:18
# Program was run: Thu Apr 22 15:00:49 2021

# cmd: legofit -1 -d 0 --stateOut b1boot31.state --tol 3e-6 -S 5000 b.lgo ../boot/boot31.opf
# Stage nOptItr nSimReps
#     0    5000        0
# algorithm          : deterministic
# ignoring probs <=  : 0
# Branch length floor: 0
# DE strategy        : 2
#    F               : 0.3
#    CR              : 0.8
#    tolerance       : 3e-06
# nthreads           : 64
# lgo input file     : b.lgo
# site pat input file: ../boot/boot31.opf
# free parameters    : 14
# points in DE swarm : 140
# output state file  : b1boot31.state
# Including singleton site patterns.
# cost function      : KL
Initial parameter values
Fixed:
      zero = 0
       one = 1
       TmN = 1
     Txynd = 25920
     twoNs = 2000
Free:
       pc1 = 0
       pc2 = 0
       pc3 = 0
       pc4 = 0
       pc5 = 0
       pc6 = 0
       pc7 = 0
       pc8 = 0
       pc9 = 0
      pc10 = 0
      pc11 = 0
      pc12 = 0
      pc13 = 0
      pc14 = 0
Constrained:
    Txynds = 118252
       Tnd = 25738.1
       Tav = 10485.3
       Txy = 2296.46
        Td = 2678.68
        Ta = 5778.05
        Tv = 3008.89
    twoNav = 18593.8
     twoNn = 5030.04
    twoNnd = 416.936
    twoNxy = 51183.5
  twoNxynd = 40201.6
        mN = 0.0233388
      mSND = 0.0179121
     TmSND = 25829
DiffEv reached_goal. cost=3.08990e-04 spread=1.51962e-06
Fitted parameter values
Free:
       pc1 = 1.01278
       pc2 = -0.788486
       pc3 = 1.60475
       pc4 = 1.58978
       pc5 = -1.62981
       pc6 = 1.00508
       pc7 = 0.193166
       pc8 = 0.265134
       pc9 = -0.303684
      pc10 = 0.0582119
      pc11 = 0.130144
      pc12 = 0.0494962
      pc13 = 0.003565
      pc14 = 0.000153477
Constrained:
    Txynds = 131487
       Tnd = 25807
       Tav = 9838.26
       Txy = 2717.46
        Td = 2638.2
        Ta = 5605.57
        Tv = 2883.94
    twoNav = 17972.4
     twoNn = 4814.35
    twoNnd = 263.374
    twoNxy = 49658.7
  twoNxynd = 40085.2
        mN = 0.0233683
      mSND = 0.0132815
     TmSND = 25863.5
#       SitePat  BranchLen
              x 35615.1757947
              y 34477.7803965
              v 11549.1559540
              a 8935.7088710
              d 38452.0187727
            x:y 21408.3176161
            x:v 253.4257906
            x:a 261.2671324
            x:d 2668.2519015
            y:v 405.0221578
            y:a 296.8388407
            y:d 2477.6835976
            v:a 26863.5472907
            v:d 985.9739344
            a:d 998.2382569
          x:y:v 523.6463803
          x:y:a 515.8050384
          x:y:d 6075.4317853
          x:v:a 2435.5867207
          x:v:d 214.7678366
          x:a:d 223.4766977
          y:v:a 3081.6228403
          y:v:d 229.4129087
          y:a:d 217.1485861
          v:a:d 15726.4950752
        x:y:v:a 6394.0675856
        x:y:v:d 648.2749537
        x:y:a:d 639.5660927
        x:v:a:d 5195.6803457
        y:v:a:d 5682.1228922
